t 180 350 538 742 924 1100 1287 1498 1680 1778
N1 0 0 0 0 0 0 1 0 0 2
N2 0 0 0 0 0 0 0 0 0 0
t 180 370 412 543 606 747 873 1337
N1 0 0 0 0 0 0 0 0
N2 1 4 0 6 0 0 0 0
t 264 362 633 721 994 1357 1440 1788
N1 0 0 0 0 0 0 0 0
N2 0 0 1 0 1 1 1 0
t 99 131 188 342 523 722 910 1085 1275 1457 1793
N1 0 0 0 0 0 0 0 0 0 0 0
N2 0 0 0 0 0 0 0 0 0 0 0
t 154 352 532 632 820 1213 1409 1453 1621 1795
N1 0 0 0 0 1 0 0 1 0 0
N2 0 0 0 1 0 0 0 0 1 0
t 44 179 371 511 840
N1 0 0 0 0 0
N2 0 0 0 0 0
t 179 364 378 544 728 908 1118 1309 1489 1670 1770
N1 0 0 0 0 0 0 1 0 0 0 0
N2 0 0 0 0 0 0 0 0 0 0 0
t 151 350 515 718 900 1068 1257 1460 1656 1797
N1 0 0 0 0 2 0 0 0 0 0
N2 0 0 0 0 1 0 0 0 0 0
t 182 229 264 462 550 1280 1698
N1 0 0 0 0 0 0 0
N2 0 0 0 0 0 0 0
t 176 233 393 575 759 939 1120 1304 1367 1493 1688 1759
N1 0 0 0 0 0 0 0 2 0 0 0 0
N2 0 0 0 0 0 0 0 0 0 0 0 0
t 168 373 538 723 910 1108 1288 1499 1682 1778
N1 0 0 0 0 0 0 0 0 0 0
N2 0 0 0 0 0 0 0 0 0 0
t 173 229 355 523 728 916 1120 1296 1370 1405 1832
N1 0 0 0 0 0 0 0 0 0 0 0
N2 0 0 0 0 0 0 0 0 0 0 0
t 745 937 1107 1288 1658 1847
N1 0 1 0 0 0 0
N2 1 0 1 0 4 3
t 25 181 284 662 840 1050 1391 1573
N1 1 0 0 2 1 0 1 0
N2 0 0 0 0 0 0 0 0
t 152 256 328 517 711 894 1070 1250 1293 1432 1622 1777
N1 1 0 0 0 0 0 0 0 0 0 0 0
N2 0 0 0 0 1 0 0 0 0 0 0 0
t 180 344 543 732 921 1183 1306 1517 1789
N1 0 0 0 0 0 0 0 0 0
N2 0 0 0 0 0 0 0 0 0
t 167 349 756 1660
N1 0 0 0 0
N2 0 0 0 1
t 155 295 343 364 377 523 712 896 1065 1247 1358 1441
N1 0 0 0 0 0 0 0 0 0 0 0 0
N2 0 0 0 0 0 0 0 0 0 0 0 0
t 186 413 442 781 965 1189 1412
N1 0 1 0 0 0 0 1
N2 0 0 0 1 0 0 1
t 209 288 389 425 454 579 643 840
N1 0 0 0 0 0 0 0 0
N2 0 0 0 0 0 0 0 0
t 187 369 541 573 751 901 937
N1 0 0 0 0 0 0 1
N2 0 0 0 0 0 0 0
t 155 190 344 526 568 599 722 925 1100 1109 1379 1554
N1 0 0 0 0 0 0 0 1 0 0 0 1
N2 0 0 0 0 0 0 0 0 0 0 0 0
t 187 376 511 684 699 720 869 939 992 1174 1288 1344
N1 0 0 0 0 0 0 0 0 2 0 0 0
N2 2 0 0 1 1 1 0 3 2 4 1 0
t 73 182 416 612 806 868 1052 1201 1239 1253 1421 1596
N1 0 0 0 2 0 1 0 0 0 0 2 1
N2 0 0 0 0 0 0 0 0 0 0 0 0
t 184 364 554 735 918 1142 1176 1415 1599 1779
N1 0 0 0 0 1 0 1 0 0 0
N2 0 0 0 0 0 0 0 0 0 0
t 167 204 246 363 951 1455 1826
N1 0 0 0 0 0 0 1
N2 0 0 0 0 0 0 0
t 182 362 545 910 1645
N1 0 0 0 0 0
N2 0 0 0 0 0
t 11 149 507 604 766 952 1325 1689
N1 0 0 0 1 0 0 0 0
N2 0 0 0 0 0 0 0 0
t 73 358 972
N1 0 0 0
N2 0 0 0
t 126 188 271 289 471 652 870 1237 1602 1723
N1 0 0 0 0 0 0 0 0 0 0
N2 0 0 0 0 1 0 0 0 0 0
t 171 318 559 775 784 997 1413 1461 1690 1708
N1 0 0 0 2 0 0 1 0 0 0
N2 0 0 0 0 0 0 0 1 0 0
t 148 330 512 524 577 694 823
N1 0 0 0 0 0 0 0
N2 0 0 0 0 0 0 0
t 182 369 553 770 846 993 1008 1082
N1 0 0 0 0 0 0 0 0
N2 0 0 0 0 0 0 0 0
t 179 354 568 799 839 981 1188 1420 1602 1783
N1 0 0 0 0 0 0 0 0 0 0
N2 0 0 0 0 1 0 0 0 0 0
t 182 357 546 728 903 1092 1129 1227 1274 1800
N1 0 0 0 0 0 0 0 0 0 0
N2 0 0 0 0 0 0 0 0 0 0
t 126 176 290 338 547 729 909 1091 1282 1463 1651 1798
N1 0 0 0 0 0 0 0 0 0 0 0 0
N2 0 0 0 0 0 0 0 0 0 1 0 0
t 181 364 547 730 821 925 944 1211 1770
N1 1 0 1 0 0 1 0 1 1
N2 0 0 0 0 0 0 0 0 0
t 54 76 168 532 690 1047 1726
N1 0 0 0 1 1 0 0
N2 0 0 0 0 0 0 0
t 193 425 640 838 1033 1223 1452 1641 1795
N1 0 0 0 0 1 0 0 0 0
N2 0 0 0 0 0 0 0 0 0
t 177 365 587 804 986 1170 1350 1532 1700
N1 0 0 0 0 0 0 0 0 0
N2 0 0 0 0 0 0 0 0 0
t 199 379 540 729 899 1081 1262 1444 1682 1794
N1 0 0 0 0 0 0 0 0 0 0
N2 0 0 0 0 0 0 0 0 0 0
t 65 177 366 520 554 707 903 1098 1318 1498 1709 1827
N1 0 0 0 0 1 0 0 0 0 0 0 0
N2 0 0 0 0 1 0 0 0 0 0 0 0
t 83 189 371 581 763 969 1168 1358 1547 1722
N1 0 0 0 0 0 0 0 0 0 0
N2 0 0 0 0 0 0 0 0 0 0
t 181 363 428 552 1141 1741
N1 0 0 0 0 0 0
N2 0 0 0 0 0 0
t 81 175 260 557 922 1230 1483 1791
N1 0 0 0 0 0 1 0 0
N2 0 0 0 0 0 0 0 0
t 184 365 554 800 1023 1205 1304 1492 1695 1786
N1 0 2 3 0 1 2 1 0 0 1
N2 0 0 0 0 0 0 0 0 0 0
t 186 364 546 963 1155 1358 1547 1722
N1 0 0 0 0 0 0 0 0
N2 0 0 0 0 0 0 0 0
t 180 584 963 1328 1693
N1 0 0 0 0 0
N2 0 0 0 0 0
t 186 355 383 479 1125 1775
N1 0 0 0 0 1 1
N2 0 0 0 0 0 0
t 152 334 1368 1608
N1 0 0 0 0
N2 0 0 0 0
t 189 371 588 765 792 968 1148 1330 1506 1694 1780
N1 0 0 0 0 0 0 0 0 0 0 0
N2 0 0 0 0 0 0 0 0 0 0 0
t 176 357 394 432 607 686 1283 1373 1741
N1 0 0 0 0 0 0 0 0 0
N2 0 0 0 0 0 0 0 1 0
t 167 350 379 533 714 895 1260 1632 1715
N1 0 1 0 0 1 0 0 2 0
N2 0 0 0 1 0 0 0 0 0
t 69 104 112 238 567 894
N1 0 1 0 0 1 1
N2 0 0 0 0 0 0
t 158 347 397 529 657 700 840 963 979 1707
N1 0 0 0 1 0 0 0 0 0 0
N2 0 0 0 1 0 0 0 0 0 0
t 90 190 428 538 720 764 926 1108 1114 1311 1520 1723
N1 0 0 0 0 0 0 0 0 0 1 0 0
N2 0 0 0 0 0 0 0 0 0 0 0 0
t 172 361 405 475 476 607 698 775 873 963 1070 1160
N1 1 0 0 1 0 0 0 0 0 0 0 0
N2 0 0 0 0 0 0 0 0 0 0 0 0
t 174 339 363 587 817 1049 1231 1417 1599 1796
N1 0 0 0 1 1 0 0 0 0 0
N2 0 0 0 1 1 0 1 1 0 0
t 191 372 386 573 762 924 1106 1261 1442 1652 1793
N1 1 1 0 1 0 0 0 0 0 0 0
N2 0 0 0 0 0 0 0 0 1 0 0
t 140 322 504 686 868 1115 1310 1493 1674 1786
N1 0 0 0 0 0 0 0 0 0 0
N2 0 0 0 0 0 0 0 0 0 0
t 161 229 263 334 358 518 700 748 873 1070 1281 1516
N1 0 0 0 0 0 0 0 0 0 0 0 0
N2 0 0 0 0 0 0 0 0 0 0 0 0
t 199 381 595 623 778 967 1200 1374 1556 1737
N1 0 0 0 0 0 0 0 0 0 0
N2 0 0 0 0 0 0 0 0 0 0
t 196 375 567 749 931 1127 1351 1519 1708
N1 0 0 0 0 0 0 0 1 0
N2 1 0 0 0 0 0 0 0 0
t 20 30 176 548 1674
N1 0 0 0 0 0
N2 0 0 0 0 0
t 274 530 698 897 1139
N1 0 0 0 0 0
N2 0 0 0 0 0
t 20 146 158 326 507 692 866 1053 1235 1417 1600 1781
N1 0 1 0 0 0 0 0 0 0 0 0 0
N2 0 0 0 0 0 0 0 0 0 0 0 0
t 221
N1 0
N2 0
t 191 357 799
N1 0 0 0
N2 0 0 0
t 189 371 562 685 745 911 1093 1339 1520 1707 1787
N1 0 0 0 0 0 0 1 0 0 0 0
N2 0 0 0 0 0 0 0 0 0 0 0
t 182 365 570 750 947 1130 1317 1499 1681 1788
N1 0 0 0 0 0 0 1 0 0 0
N2 0 0 0 0 0 0 0 0 0 0
t 161 336 539 718 910 1084 1201 1470 1665
N1 0 0 0 0 0 0 0 0 0
N2 0 0 0 0 0 0 0 0 0
t 168 259 349 546 624 671 727 891 1072 1291 1476 1659
N1 0 0 0 0 0 0 0 0 0 1 0 0
N2 0 0 1 1 0 0 0 0 0 0 0 0
t 179 383 580 767 949 971
N1 0 0 0 0 0 0
N2 0 0 1 0 0 0
t 177 188 202 379 743 1113 1666
N1 1 0 0 0 0 1 0
N2 0 0 0 0 0 1 1
t 96 198 439 637 1037 1405
N1 0 0 0 0 0 0
N2 0 0 0 0 0 0
t 184 364 402 567 770 786 952 1141 1323 1505 1688
N1 0 0 0 0 0 0 0 0 0 0 0
N2 0 0 0 0 0 0 0 0 0 0 0
t 191 371 406 569 751 931 1114 1294 1477 1658 1793
N1 0 0 0 0 0 0 0 0 0 0 0
N2 0 0 0 0 0 0 0 0 0 0 0
t 181 364 554 719 901 1083 1279 1450 1632 1791
N1 0 0 0 0 0 0 0 0 0 0
N2 0 0 0 0 0 1 1 0 0 0
t 182 365 573 754 936 1121 1204 1308 1540 1741
N1 0 0 0 0 0 0 0 0 1 0
N2 0 0 0 0 0 0 0 0 0 0
t 181 292 658 1190 1642
N1 0 1 0 0 2
N2 0 0 0 0 0
t 213 360 584 767 949 1102 1279 1470 1659
N1 0 0 0 0 0 0 0 0 0 0
N2 0 0 0 0 0 0 0 0 0 0
t 34 62 94 336 700 1710
N1 0 0 0 0 0 0
N2 0 0 0 0 0 0
t 182 364 406 545 721 895 1252 1469 1611 1674 1820
N1 0 0 0 0 0 0 0 0 0 1 0
N2 0 0 1 0 1 0 0 0 0 0 2
t 182 376 573 754 936 1038 1091 1323 1503 1685
N1 0 0 0 0 0 0 0 0 0 0
N2 1 0 0 0 0 0 0 0 0 0
t 181 330 356 523 707 894 1078 1258 1469 1667 1797
N1 0 0 0 0 0 0 0 0 0 0 0
N2 0 1 0 0 0 0 0 0 0 0 0
t 161 176 210 238 595 959
N1 0 0 0 0 0 0
N2 0 0 0 0 0 0
t 186 368 551 665 956 1134 1314 1490 1670
N1 0 0 0 0 0 0 0 0 0
N2 0 0 0 0 0 0 0 0 0
t 189 371 549 735 918 1099 1247 1479 1617
N1 0 0 0 0 0 0 0 0 0
N2 0 0 0 0 0 0 0 0 0
t 175 357 539 742 924 1142 1323 1505 1695
N1 1 0 1 0 0 0 1 0 0
N2 0 0 0 0 0 0 0 0 0
t 176 400 430 456 591 592 1326 1578
N1 0 0 0 0 0 0 0 0
N2 0 0 0 0 0 0 0 0
t 86 91 112 163 394 582 763 953 1137 1330 1513 1695
N1 1 1 0 0 2 0 0 0 0 0 0 0
N2 0 0 0 0 2 0 0 0 0 0 0 0
t 175 392 581 770 959 1141 1330 1512 1694
N1 0 0 0 0 0 0 1 0 0
N2 0 0 0 0 0 0 0 0 0
t 135 316 506 680 717 871 884 1079 1276 1424 1598
N1 0 0 0 0 0 0 0 0 0 0 2
N2 0 0 0 0 0 0 0 0 0 0 0
t 175 386 583 763 959 1141 1323 1512 1694
N1 0 0 0 0 0 0 0 0 0
N2 0 0 0 0 0 0 0 0 0
t 62 160 334 517 692 817 874 1042 1407
N1 0 0 1 0 1 0 0 0 0
N2 0 0 0 0 0 0 0 0 0
t 140 344 539 762 972 1282 1483
N1 0 0 0 0 0 0 0
N2 0 0 0 0 0 2 1
t 210 385 575 756 939 1125 1309 1532
N1 0 0 0 0 1 0 0 0
N2 0 0 0 0 1 0 0 0
t 239 428 593 776 978 1160 1344 1526 1721
N1 1 0 0 0 0 0 0 0 0
N2 0 0 0 0 0 0 0 0 0
t 27 188 379 559 743 945 1127
N1 0 0 0 0 0 0 0
N2 0 0 0 0 0 0 0
t 183 249 338 521 688 875 1086 1281 1463 1666
N1 0 0 0 0 0 0 0 0 0 0
N2 0 0 0 0 0 0 0 1 0 0
t 120 303 340 716 744 877 1051 1296 1492 1681
N1 0 0 0 0 0 0 0 1 0 1
N2 0 0 0 0 0 0 0 0 0 0
t 56 201 218 391 701
N1 0 0 0 0 0
N2 0 0 0 0 0
t 168 350 582 596 764 940 1106 1322 1496 1658
N1 0 0 0 0 0 1 0 1 1 0
N2 0 0 1 0 0 0 0 0 0 0
t 147 329 490 672 854
N1 0 0 0 1 0
N2 0 0 0 0 0
t 121 309 485 749 1126 1181 1547
N1 0 0 0 0 0 0 0
N2 0 0 0 0 1 0 0
t 172 398 516 699 1064 1290 1395
N1 0 1 0 0 0 1 0
N2 0 0 0 0 0 1 0
t 188 377 553 594 733 861 936 1077 1336
N1 0 0 0 0 0 0 0 0 0
N2 0 0 0 0 0 0 0 0 1
t 62 188 365 573 762 941
N1 0 0 0 0 0 0
N2 0 0 0 0 0 0
t 159 359 546 730 912 1092 1274 1498
N1 0 1 0 1 0 0 1 0
N2 0 0 0 0 0 0 0 0
t 181 363 533 712 894 1077 1261 1441 1630
N1 0 0 0 0 0 1 0 0 0
N2 0 0 0 0 0 0 0 0 0
t 180 371 552 733 914 1098 1279 1463
N1 0 0 0 0 1 0 0 0
N2 0 0 0 0 0 0 0 0
t 168 355 538 721 896 1083 1260 1441 1623
N1 0 0 0 0 0 0 0 0 0
N2 0 0 0 0 0 0 0 0 0
t 175 364 733 971
N1 0 0 0 0
N2 0 0 0 0
t 181 229 356 420 504 1433
N1 0 0 0 0 0 0
N2 0 0 0 0 0 0
t 177 358 552 749 937 1115 1295 1458
N1 0 0 0 0 0 0 0 0
N2 0 0 0 0 0 0 0 0
t 154 247 335 517 699 884 1073 1302 1437
N1 0 0 0 0 0 0 0 0 0
N2 0 0 0 0 0 0 0 0 0
t 79 108 118 252 301 489 785
N1 0 0 0 0 0 0 0
N2 0 0 0 0 0 0 0
t 180 363 544 762 971 1169 1351 1538
N1 0 1 0 0 1 0 0 0
N2 0 0 0 0 0 0 0 0
t 175 358 650 679 791
N1 0 1 3 1 3
N2 0 0 0 0 0
t 174 296 316 357 680 752 1081 1276
N1 0 0 0 0 0 0 0 0
N2 0 0 0 0 0 0 0 0
t 168 350 534 721 896
N1 0 0 0 0 0
N2 0 0 0 0 0
t 152 335 515 713 903 1085 1251 1434
N1 0 0 1 0 0 0 0 0
N2 0 0 0 0 0 0 0 0
t 202 391 581 763 958 1139 1321 1506
N1 1 0 1 0 0 0 0 0
N2 0 1 0 0 0 0 1 0
t 188 314 616 812 866 1364 1545
N1 0 0 1 1 1 0 0
N2 0 0 0 0 0 0 0
t 108 290 458 638 837 987 1228 1465
N1 0 0 0 0 0 0 0 0
N2 0 0 0 0 0 0 0 0
t 141 351 419
N1 0 0 0
N2 0 0 0
t 180 390 424 600 964 1224 1418
N1 0 0 0 0 0 0 0
N2 0 0 0 0 0 0 0
t 175 365 559 756 939 1121 1303 1477
N1 0 0 1 0 0 0 0 0
N2 0 0 1 0 0 0 0 0
t 222 383 572 742 855 943 1126 1307 1477
N1 0 0 0 2 0 0 0 1 0
N2 0 0 0 0 0 0 0 0 0
t 180 197 363 370 559 725 755 943 1148 1349 1495
N1 0 0 0 0 0 0 0 0 0 0 0
N2 0 0 0 0 0 0 0 0 0 0 0
t 166 358 516 698 896 1091 1273 1471
N1 0 0 0 0 0 0 0 0
N2 0 0 0 0 0 0 0 0
t 182 409
N1 0 0
N2 0 0
t 159 516 698 880 1062 1244 1426
N1 0 0 0 0 0 0 0
N2 0 0 0 0 0 0 0
t 359 604 623 996 1018 1226
N1 1 1 2 1 0 1
N2 1 0 0 0 0 0
t 173 350 578 760 944 1085 1355
N1 0 0 0 1 0 0 0
N2 0 0 0 0 0 0 0
t 195 378 562 626 748 1163 1294
N1 0 0 0 0 0 0 0
N2 0 1 2 0 0 1 1
t 189 349 425 574 867
N1 2 1 1 0 0
N2 0 0 0 0 0
t 167 350 553 560 742 971 1168 1337
N1 0 0 1 0 0 0 0 0
N2 0 0 0 0 0 0 0 0
t 178 332 517 719 899 1088 1270
N1 0 0 0 0 0 0 0
N2 0 0 0 0 1 0 0
t 178 379 440 540 722 764 885 1084 1253 1431
N1 0 0 0 0 1 1 0 0 0 0
N2 0 0 0 0 0 0 0 0 0 0
t 158 356 530 570 740 900 1063 1242
N1 0 0 2 0 0 0 0 1
N2 0 0 0 0 0 0 0 0
t 103 162 163 253 343 525 705 833 1083 1212
N1 0 0 1 1 2 0 0 0 0 0
N2 0 0 0 0 0 0 0 2 0 0
t 110 117 124 135 183 190 219 254 386 589 617 798
N1 0 0 0 0 0 0 0 0 0 0 0 2
N2 0 0 0 0 0 0 0 0 0 0 0 0
t 125 179 363 531 735 915 1103 1296 1476 1663 1784
N1 0 1 0 0 0 0 1 0 0 0 0
N2 0 0 0 0 0 0 0 0 0 0 0
t 182 364 546 728 912 955 1138 1323 1519 1743
N1 1 1 0 4 0 2 1 0 1 0
N2 0 0 0 0 0 0 0 0 0 0
t 210 216 337 713 1031
N1 0 0 0 0 0
N2 0 0 0 0 0
t 190 383 490 566 756 972 1002 1240 1412 1601 1631 1792
N1 0 0 0 0 1 1 0 0 0 0 1 1
N2 0 0 0 0 0 0 0 0 0 0 0 1
t 190 372 567 763 945 1127 1309 1541 1723
N1 0 0 0 0 0 0 0 0 0
N2 0 0 0 0 0 0 0 0 0
t 186 362 564 755 925 1120 1301 1483 1665 1791
N1 0 0 0 0 0 0 0 0 0 0
N2 0 0 0 0 0 0 0 0 0 0
t 204 302 499 707 911 1102 1256 1470 1702 1793
N1 0 0 0 0 0 0 0 0 0 0
N2 0 0 0 0 0 0 0 0 0 1
t 176 364 545 743 925 1106 1288 1470 1651 1794
N1 0 0 0 0 0 0 0 0 0 0
N2 0 0 0 0 0 0 0 0 0 0
t 183 366 569 757 940 1011 1024
N1 1 0 0 0 1 0 0
N2 0 0 0 0 0 0 0
t 21 188 370 552 734 918 1457 1709
N1 0 0 0 0 0 0 1 0
N2 0 0 0 0 0 0 0 0
t 182 362 533 695 901 1268 1343 1531 1713
N1 0 0 0 0 0 0 0 0 0
N2 0 0 0 0 0 0 1 1 0
t 179 392 586 614 642 837 893 1372 1798
N1 0 0 1 0 0 0 0 0 0
N2 0 0 0 0 0 0 0 0 0
t 177 282 357 393 610 792 996 1183 1394 1575 1772
N1 1 0 0 1 0 0 0 0 0 2 0
N2 0 0 0 0 0 0 0 0 0 0 0
t 135 323 504 686 903 1099 1309 1484 1669 1799
N1 0 0 0 0 0 0 0 0 0 0
N2 0 0 0 0 0 0 0 0 0 0
t 62 188 191 197 230 238 268 387 517 545 692 818
N1 0 2 0 0 1 0 0 0 3 0 0 0
N2 0 2 0 0 0 0 0 1 0 0 0 1
t 180
N1 0
N2 0
t 126 313 501 693 868 1049 1230 1421 1610 1747 1777
N1 1 1 1 0 2 0 1 1 0 0 1
N2 0 0 0 1 0 0 0 0 0 0 0
t 193 375 559 621 741 936 1119 1153 1187 1250 1302 1370
N1 0 0 0 0 0 0 0 0 0 0 0 0
N2 0 0 0 0 0 0 0 0 0 0 0 0
t 182 357 549 589 661 745 939 1088 1129 1282 1336 1449
N1 0 0 0 0 0 0 0 0 1 1 0 1
N2 0 1 0 1 0 0 1 1 0 0 0 1
t 188 357 538 733 916 1098 1281 1484 1671 1783
N1 0 0 1 1 0 1 1 0 0 0
N2 0 0 0 0 0 0 0 0 0 0
t 127 314 502 698 796 866 1048 1204 1390 1579 1747
N1 0 0 0 1 0 0 0 0 0 0 0
N2 0 1 0 0 0 0 0 0 0 0 0
t 189 302 414 525 718 903 1098 1191 1299 1461 1657 1799
N1 0 0 0 0 2 0 2 0 0 3 0 0
N2 1 0 0 0 0 1 0 3 0 0 0 0
t 180 374 430 441 559 600 644 700 740 776 884 1075
N1 0 0 0 0 0 0 0 0 0 0 0 0
N2 0 1 0 0 0 0 0 0 0 0 0 0
t 185 367 549 731 947 1156 1284 1415 1599 1781
N1 2 2 3 2 0 2 1 2 0 2
N2 0 0 0 0 0 0 0 0 0 0
t 113 177 324 371 772
N1 0 0 0 0 0
N2 1 0 0 0 0
t 181 323 532 705 876 1051 1231 1412 1595 1776
N1 0 0 0 0 0 0 0 1 0 1
N2 0 0 0 0 0 0 0 0 0 0
t 180 362 559 748 910 1090 1335 1519 1762
N1 0 0 0 0 0 0 0 0 0
N2 0 0 0 0 0 0 0 0 0
t 197 379 581 633 763 945 1129 1309 1480 1669 1799
N1 0 0 0 0 0 0 0 0 0 1 1
N2 0 0 0 0 0 0 0 0 0 0 0
t 196 337 519 701 889 1065 1247 1435 1618 1799
N1 0 0 2 0 0 0 0 0 1 0
N2 0 0 0 0 0 0 0 0 1 0
t 104 189 287 477 653 835 1008 1197 1358 1583 1766
N1 0 0 0 0 0 0 0 0 0 0 0
N2 0 0 0 2 0 0 0 0 0 0 0
t 194 302 393 567 757 820 960 1146 1316 1497 1674 1797
N1 0 0 0 0 1 0 0 0 0 0 0 0
N2 0 0 0 0 0 0 0 0 0 0 1 0
t 175 221 364 553 735 840 917 1099 1281 1470 1652 1778
N1 0 0 0 2 0 0 0 0 3 0 0 0
N2 0 0 0 0 0 0 0 0 1 0 0 0
t 172 344 522 732 900 1091 1259 1440 1616 1791
N1 1 0 0 0 0 0 0 1 0 0
N2 0 0 0 0 0 0 0 0 1 0
t 153 336 517 699 882 1071 1252 1434 1616 1793
N1 0 0 0 0 0 0 0 0 0 0
N2 0 0 0 0 0 0 0 0 0 0
t 180 344 505 686 855 1055 1281 1503 1706
N1 0 0 0 0 0 0 0 0 0
N2 0 0 0 0 0 0 0 0 0
t 188 368 545 733 826 978 1180 1285 1469 1650 1785
N1 0 0 0 0 0 0 0 0 0 0 0
N2 0 0 0 0 0 0 0 0 0 0 0
t 154 197 334 516 698 883 1065 1246 1427 1608
N1 0 0 0 0 0 0 1 0 0 0
N2 0 0 0 0 0 0 0 0 0 0
t 162 308 490 675 724 857 1052 1232 1417 1631 1787
N1 0 0 0 0 0 0 0 0 0 0 0
N2 0 0 0 0 0 0 0 0 0 0 0
t 71 162 343 547 730 923 1105 1301 1483 1675 1808
N1 1 0 0 0 0 0 0 0 0 0 0
N2 0 0 0 0 0 0 0 0 0 0 0
t 147 246 261 352 569 674 855 1045 1234 1282 1415 1494
N1 1 0 0 0 1 0 0 0 1 0 0 0
N2 0 0 0 0 0 0 1 0 0 1 1 0
t 113 200 382 564 746 932 1114 1299 1469 1665
N1 0 0 0 0 0 0 0 0 0 0
N2 0 0 0 0 0 0 0 0 0 0
t 173 354 389 431 465 558 658 770 922
N1 0 0 0 0 0 0 0 0 0
N2 0 0 0 0 0 0 0 0 0
t 199 381 595 623 778 967 1200 1247 1374 1737
N1 0 0 0 1 0 0 0 0 1 0
N2 0 0 0 0 0 0 0 0 0 0
t 191 387 583 784 986 1169 1350 1532 1792
N1 0 0 0 0 0 0 0 0 0
N2 0 0 0 0 0 0 0 0 0
t 111 305 462 486 671 851 1063 1301 1488 1677 1795
N1 0 0 0 0 0 2 0 0 2 1 1
N2 0 0 0 0 0 0 0 0 0 0 0
t 38 176 225 339 394 541 750 1044 1204 1386 1568 1879
N1 0 0 0 0 0 0 0 0 0 0 0 0
N2 0 0 0 0 0 0 0 0 0 0 0 0
t 119 295 476 660 686 826 1017 1204 1386 1575 1771
N1 0 0 0 0 0 0 0 0 0 0 0
N2 1 0 1 0 0 0 0 1 0 1 1
t 182 364 567 744 890 1098 1282 1485 1637 1850
N1 0 0 0 0 0 0 1 0 0 0
N2 0 0 0 0 0 0 0 1 0 1
t 175 357 572 755 935 1141 1327 1510 1701
N1 0 0 0 0 0 0 0 0 0
N2 0 0 0 0 1 0 0 0 0
t 157 337 533 642 745 934 1122 1309 1492 1674 1779
N1 1 0 0 0 1 0 1 2 2 1 0
N2 0 1 0 0 0 0 0 0 0 0 0
t 149 329 518 703 893 1068 1253 1449 1633 1660 1793
N1 0 0 0 0 0 0 0 0 0 0 0
N2 0 0 0 0 0 0 0 0 0 1 0
t 174 356 552 726 929 1127 1302 1505 1674
N1 0 0 0 0 0 0 1 0 0
N2 0 0 0 0 0 0 0 0 0
t 43 88 170 239 358 394 533 714 876 1054 1078 1269
N1 0 0 0 0 1 0 1 0 0 0 0 0
N2 0 0 0 0 0 0 0 0 0 0 0 0
t 168 350 548 737 911 1093 1275 1457 1638 1779
N1 0 0 0 0 0 0 0 0 0 0
N2 0 0 0 0 0 0 0 0 0 0
t 154 322 525 707 860 1058 1253 1443 1686
N1 0 0 0 0 0 0 0 0 0
N2 0 0 0 0 0 1 0 1 1
t 165 347 539 719 902 1111 1294 1483 1666 1791
N1 0 0 0 0 0 0 1 0 0 0
N2 0 0 0 0 0 0 0 0 0 0
t 193 378 566 784 959 1148 1319 1510 1699 1789
N1 1 1 0 1 2 0 0 2 0 0
N2 0 0 0 0 0 0 0 0 1 0
t 44 177 359 554 721 958 1122 1283 1465 1645 1792
N1 0 0 0 1 0 0 2 0 0 1 0
N2 0 0 0 0 0 1 0 0 0 0 0
t 140 321 351 517 707 882 979 1014 1084 1611
N1 0 0 0 0 0 0 0 0 0 0
N2 0 0 0 0 0 0 0 0 2 0
t 160 342 532
N1 1 1 1
N2 0 0 0
t 176 329 528 696 920 1095 1277 1464 1646 1781
N1 0 0 0 0 0 0 0 0 0 0
N2 0 0 0 0 0 0 0 0 0 0
t 167 386 531 714 883 1078 1259 1437 1617 1812
N1 0 0 0 0 0 0 0 0 0 0
N2 0 0 0 0 0 0 0 0 0 0
t 180 364 551 736 757 826 924 1111 1293 1394 1736
N1 0 0 0 0 0 0 0 0 0 1 0
N2 0 0 0 0 0 0 0 0 0 0 1
t 145 175 356 537 747 938 1112 1303 1483 1671
N1 0 0 0 0 0 0 0 0 0 0
N2 0 0 0 0 0 0 0 0 0 0
t 208 385 574 754 944 1125 1309 1489 1672
N1 0 0 0 0 0 0 0 0 0
N2 0 0 0 0 0 0 0 0 0
t 138 526
N1 0 0
N2 0 0
t 175 357 538 709 890 1077 1259 1448 1623 1787
N1 0 0 0 0 0 0 0 0 0 0
N2 0 0 0 0 0 0 0 0 0 0
t 147 328 524 707 887 1069 1252 1434 1616
N1 0 0 0 0 0 0 1 0 0
N2 1 0 0 0 0 0 0 0 0
t 179 389 657 844 1026 1217 1399 1586 1768
N1 0 0 0 0 0 0 0 0 0
N2 0 0 0 0 0 0 0 0 0
t 104 286 468 655 832 1014 1203 1399 1488 1555
N1 0 0 0 0 0 0 0 0 0 0
N2 0 0 0 0 0 0 0 0 0 0
t 152 334
N1 0 0
N2 0 0
t 55 68 173 424 446 705 783 1529
N1 0 0 0 0 0 1 0 0
N2 0 0 0 0 0 0 0 0
t 145 327 552 590 618 698 1091 1280 1476 1715
N1 0 0 0 0 0 0 0 0 0 0
N2 0 0 0 0 0 0 0 0 1 0
t 180 377 569 616 706 756 936 1135 1328 1511 1708
N1 0 1 1 0 0 0 0 0 0 1 0
N2 0 0 0 0 0 0 0 0 0 0 0
t 188 404 574 784 973 1168 1355 1540 1720
N1 0 0 0 0 1 1 0 1 1
N2 0 0 0 0 0 0 0 0 0
t 175 407 589 778 960 1066 1149 1338 1527 1736
N1 2 0 0 0 0 1 0 0 0 1
N2 0 1 0 0 0 0 0 0 0 0
t 175 329 511 708 890 1072 1268 1443 1646
N1 0 0 0 0 0 0 0 0 0
N2 0 0 0 0 0 0 0 0 0
t 314 563 650 752 754 1185 1704
N1 0 0 0 0 0 0 2
N2 0 0 0 0 0 0 0
t 308 663
N1 0 0
N2 0 0
t 168 399 582 672 743 882 919 1185 1345 1526
N1 3 1 0 1 2 0 1 2 0 0
N2 0 0 0 1 0 0 0 0 0 1
t 140 336 518 707 946 1128 1310 1518 1672
N1 0 0 0 0 0 0 0 0 0
N2 0 0 0 0 0 0 0 0 0
t 42 124 208 420 502 637 819 1006 1070 1188 1370 1558
N1 1 0 1 0 0 0 1 0 1 0 0 1
N2 0 0 0 1 0 0 0 0 0 0 0 0
t 182 364 546 735 917 1099 1279 1463 1650
N1 0 0 0 0 0 0 0 0 0
N2 0 0 0 0 0 0 0 0 0
t 172 355 545 699 741 811 923 1399
N1 0 0 1 0 1 0 0 0
N2 0 0 0 0 0 1 0 0
t 183 372 539 728 749 910 1087 1281 1464 1652
N1 0 0 0 0 0 0 0 0 0 0
N2 0 0 0 0 0 0 0 0 0 0
t 78 152 519 1380 1581
N1 0 0 0 1 0
N2 0 0 0 0 0
t 154 336 511 698 957 1393
N1 0 0 0 0 0 0
N2 0 0 0 1 0 0
t 175 359 386 548 729 945 1128 1379 1548
N1 0 0 0 0 0 0 0 0 0
N2 0 0 0 0 0 0 0 0 0
t 107 182 358 540 640 679 723 904 1093 1270 1451 1654
N1 1 0 0 0 0 0 0 0 1 0 0 0
N2 0 0 0 0 0 0 0 0 0 0 0 0
t 182 364 567 734 918 1088 1282 1468 1651
N1 0 0 0 0 0 0 0 0 0
N2 0 0 0 0 0 0 0 0 0
t 21 28 73 164 352 541 553 722 904 1185 1360 1533
N1 0 1 0 0 0 0 0 0 0 0 0 0
N2 0 0 0 0 0 0 0 0 0 0 0 0
t 65 245 427 610 829 1032 1197 1401 1589
N1 0 0 0 0 0 0 0 0 1
N2 0 0 0 0 0 0 0 0 0
t 174 364 547 727 924 1135 1315 1499
N1 1 1 0 0 1 0 0 1
N2 0 0 0 0 0 0 0 0
t 82 89 112 187 370 517 734 1139 1504 1545
N1 0 0 0 0 1 0 0 0 0 0
N2 1 0 0 0 0 1 0 0 0 0
t 118 313 490 769 979 1167 1376
N1 0 0 0 0 1 0 0
N2 0 0 0 0 0 0 0
t 64 254 329 583 737 918 923 1100 1282
N1 0 0 1 0 0 0 0 0 0
N2 1 1 0 0 0 0 0 0 1
t 185 368 571 754 886 1055 1244 1426 1615
N1 0 1 0 1 1 2 0 0 0
N2 0 0 0 1 0 0 0 1 0
t 93 175 379 406 548 798 974 1131 1309
N1 0 0 0 0 0 0 0 0 0
N2 0 0 0 0 0 0 0 0 0
t 82 145 365 511 700 1069 1310
N1 0 0 0 1 0 0 0
N2 0 0 0 0 0 1 1
t 203
N1 0
N2 0
t 61 69 279 326 572 818 1140 1329 1510
N1 2 0 1 0 0 1 0 1 0
N2 0 0 2 0 2 0 1 2 1
t 150 297 329 472 668 852 1032 1217 1399 1588
N1 0 0 0 0 0 0 0 0 0 0
N2 0 0 0 0 0 0 0 0 0 0
t 162 393 400 590 760 772 792 794 856 927 1312
N1 0 0 0 0 0 0 0 1 0 0 0
N2 0 0 0 0 0 0 0 0 0 0 0
t 179 361 544 726 908 1097 1273 1454
N1 0 0 0 0 3 0 0 0
N2 0 0 0 0 0 0 0 0
t 141 331 519 750 987 1154 1359 1575
N1 0 1 0 0 0 0 0 0
N2 0 0 0 0 0 0 0 0
t 225 575 734 980 1239
N1 0 0 0 0 0
N2 0 0 0 1 0
t 32 144 360 520 564 702 882 1085 1148 1382
N1 0 1 0 0 0 0 0 1 0 0
N2 0 0 0 0 0 0 0 0 0 0
t 205 384 582 610 790 833 972 1102 1154 1336 1518
N1 0 0 1 0 0 1 0 0 0 1 0
N2 0 0 0 0 0 1 0 0 0 0 0
t 194 377 552 733 957 1141 1323 1511
N1 0 0 0 0 0 0 0 0
N2 0 0 1 0 0 0 0 0
t 209 384 573 776 973 1154 1337 1546
N1 0 0 4 0 0 1 2 0
N2 1 0 0 0 0 0 0 0
t 134 315 509 693 873 1064 1245 1427
N1 0 0 0 0 0 0 0 0
N2 0 0 0 0 0 0 0 0
t 196 370 565 747 936 1126 1308 1503
N1 0 0 0 0 0 0 0 0
N2 0 0 0 0 0 0 0 0
t 187 378 600 782 971 1151 1335 1522
N1 0 0 0 0 0 0 0 0
N2 0 0 0 0 0 0 0 0
t 190 380 580 813 1063 1266 1420
N1 0 0 0 0 0 0 0
N2 0 1 0 0 0 0 0
t 127 334 509 743 894 1051 1219 1414
N1 2 0 0 0 1 0 0 0
N2 0 0 0 0 0 0 0 0
t 182 362 583 679 817 1163
N1 0 0 2 0 1 1
N2 0 0 0 1 0 0
t 133 322 323 503 693 861 938
N1 0 0 0 0 0 0 0
N2 0 0 0 0 0 0 0
t 182 353
N1 0 0
N2 0 0
t 239 380 386 430 483 604 793 1038 1219 1442
N1 0 0 0 0 0 0 0 0 0 0
N2 0 1 0 0 1 0 0 0 0 0
t 181 194 370 549 728 859 888 1041 1187 1369
N1 0 1 0 0 0 0 0 0 0 0
N2 0 0 0 0 0 0 0 0 0 0
t 70 196 379 567 573 663 825 846 1034 1293
N1 1 0 0 2 0 0 0 0 0 1
N2 0 0 0 0 0 0 0 0 0 0
t 182 357 519 700 892 1137 1312 1459
N1 0 0 0 0 0 0 0 0
N2 0 0 0 0 0 0 0 0
t 47 170 215 335 537 769 889 1023 1225 1386
N1 0 0 0 0 0 0 0 0 0 0
N2 0 0 0 0 0 0 0 0 0 0
t 168 202 332 421 477 686 833 1050 1101 1273 1427
N1 0 1 0 2 1 0 1 0 0 0 1
N2 0 0 0 0 0 0 1 1 0 0 0
t 191 384 405 566 957 1097
N1 0 0 0 0 0 1
N2 0 0 0 0 0 0
t 201 383 579 762 962 1137 1321
N1 0 0 0 0 0 0 0
N2 0 0 0 0 0 0 0
t 175 334 516 712 901 1090 1252 1433
N1 0 0 0 0 0 0 0 0
N2 0 0 0 0 0 0 0 0
t 226 405 587 772 946 1129 1309
N1 0 0 0 0 0 0 0
N2 0 0 0 0 0 0 0
t 176 364 472 659 855 1037 1213 1379
N1 0 0 0 0 0 0 0 0
N2 0 0 0 0 0 0 0 0
t 183 309 497 596 776 968 1161 1308
N1 0 0 1 0 0 0 0 0
N2 0 0 0 0 0 0 0 0
t 195 378 566 692 1061
N1 0 1 4 3 1
N2 0 0 0 0 0
t 152 341 515 698 866 1081 1265 1440
N1 0 0 0 0 0 1 0 0
N2 0 0 0 0 0 0 0 0
t 181 203
N1 1 0
N2 0 0
t 138 154 315
N1 0 0 0
N2 0 3 0
t 145 332 403 509 669 885 1075 1292 1440
N1 0 0 0 0 0 0 0 0 0
N2 0 0 0 0 0 0 0 0 0
t 185 369 381 551 731 913 1095 1284
N1 0 0 1 0 0 0 1 0
N2 0 0 0 0 0 0 0 0
t 138 321 334 502 630 790 973 1111 1258 1420
N1 0 0 0 0 0 0 0 0 0 0
N2 0 0 0 0 0 0 0 0 0 0
t 175 349 510 691 873 1055 1237 1419
N1 0 0 0 0 0 0 0 1
N2 0 0 0 0 0 0 0 0
t 115 242 354
N1 1 0 0
N2 0 0 0
t 179 368 544 731 906 1096 1280
N1 0 0 0 0 0 0 0
N2 0 0 0 0 0 0 0
t 125 146 153 308 568 869
N1 0 0 0 0 0 0
N2 0 0 0 0 0 0
t 124 300 469 882 1064 1246 1433
N1 0 0 0 0 0 0 0
N2 0 0 0 0 0 0 0
t 128 314 499 679 860 1042 1224 1420
N1 1 0 0 0 0 0 0 0
N2 0 0 0 0 0 0 0 0
t 182 420 600 805 986 1260
N1 0 0 0 0 0 0
N2 0 0 0 0 0 0
t 161 301 487 637 802 945 1063
N1 0 0 0 0 0 0 1
N2 0 0 0 0 0 0 0
t 178 360 670 949 1210
N1 0 0 1 0 0
N2 0 0 0 0 0
t 12 206 238 318 381 592 753 958 1046 1102 1326 1403
N1 1 1 0 0 0 0 2 1 1 0 0 0
N2 0 2 0 0 1 1 1 3 2 2 3 0