1 (2, 56, M) t 180 350 538 742 924 1,100 1,287 1,498 1,680 1,778
N1 0 0 0 0 0 0 1 0 0 2
N2 0 0 0 0 0 0 0 0 0 0
2 (9, 76, M) t 180 370 412 543 606 747 873 1,337
N1 0 0 0 0 0 0 0 0
N2 1 4 0 6 0 0 0 0
3 (7, 76, F) t 264 362 633 721 994 1,357 1,440 1,788
N1 0 0 0 0 0 0 0 0
N2 0 0 1 0 1 1 1 0
4 (1, 49, F) t 99 131 188 342 523 722 910 1,085 1,275 1,457 1,793
N1 0 0 0 0 0 0 0 0 0 0 0
N2 0 0 0 0 0 0 0 0 0 0 0
5 (5, 64, F) t 154 352 532 632 820 1,213 1,409 1,453 1,621 1,795
N1 0 0 0 0 1 0 0 1 0 0
N2 0 0 0 1 0 0 0 0 1 0
6 (1, 82, M) t 44 179 371 511 840
N1 0 0 0 0 0
N2 0 0 0 0 0
7 (3, 53, M) t 179 364 378 544 728 908 1,118 1,309 1,489 1,670 1,770
N1 0 0 0 0 0 0 1 0 0 0 0
N2 0 0 0 0 0 0 0 0 0 0 0
8 (3, 50, M) t 151 350 515 718 900 1,068 1,257 1,460 1,656 1,797
N1 0 0 0 0 2 0 0 0 0 0
N2 0 0 0 0 1 0 0 0 0 0
9 (2, 80, F) t 182 229 264 462 550 1,280 1,698
N1 0 0 0 0 0 0 0
N2 0 0 0 0 0 0 0
10 (4, 60, F) t 176 233 393 575 759 939 1,120 1,304 1,367 1,493 1,688 1,759
N1 0 0 0 0 0 0 0 2 0 0 0 0
N2 0 0 0 0 0 0 0 0 0 0 0 0
11 (2, 59, F) t 168 373 538 723 910 1,108 1,288 1,499 1,682 1,778
N1 0 0 0 0 0 0 0 0 0 0
N2 0 0 0 0 0 0 0 0 0 0
12 (1, 56, F) t 173 229 355 523 728 916 1,120 1,296 1,370 1,405 1,832
N1 0 0 0 0 0 0 0 0 0 0 0
N2 0 0 0 0 0 0 0 0 0 0 0
13 (3, 75, M) t 745 937 1,107 1,288 1,658 1,847
N1 0 1 0 0 0 0
N2 1 0 1 0 4 3
14 (13, 51, M) t 25 181 284 662 840 1,050 1,391 1,573
N1 1 0 0 2 1 0 1 0
N2 0 0 0 0 0 0 0 0
15 (2, 57, M) t 152 256 328 517 711 894 1,070 1,250 1,293 1,432 1,622 1,777
N1 1 0 0 0 0 0 0 0 0 0 0 0
N2 0 0 0 0 1 0 0 0 0 0 0 0
16 (1, 56, M) t 180 344 543 732 921 1,183 1,306 1,517 1,789
N1 0 0 0 0 0 0 0 0 0
N2 0 0 0 0 0 0 0 0 0
17 (4, 52, M) t 167 349 756 1,660
N1 0 0 0 0
N2 0 0 0 1
18 (3, 72, F) t 155 295 343 364 377 523 712 896 1,065 1,247 1,358 1,441
N1 0 0 0 0 0 0 0 0 0 0 0 0
N2 0 0 0 0 0 0 0 0 0 0 0 0
19 (2, 68, F) t 186 413 442 781 965 1,189 1,412
N1 0 1 0 0 0 0 1
N2 0 0 0 1 0 0 1
20 (1, 69, F) t 209 288 389 425 454 579 643 840
N1 0 0 0 0 0 0 0 0
N2 0 0 0 0 0 0 0 0
21 (3, 76, M) t 187 369 541 573 751 901 937
N1 0 0 0 0 0 0 1
N2 0 0 0 0 0 0 0
22 (5, 61, F) t 155 190 344 526 568 599 722 925 1,100 1,109 1,379 1,554
N1 0 0 0 0 0 0 0 1 0 0 0 1
N2 0 0 0 0 0 0 0 0 0 0 0 0
23 (14, 70, F) t 187 376 511 684 699 720 869 939 992 1,174 1,288 1,344
N1 0 0 0 0 0 0 0 0 2 0 0 0
N2 2 0 0 1 1 1 0 3 2 4 1 0
24 (4, 70, F) t 73 182 416 612 806 868 1,052 1,201 1,239 1,253 1,421 1,596
N1 0 0 0 2 0 1 0 0 0 0 2 1
N2 0 0 0 0 0 0 0 0 0 0 0 0
25 (3, 73, M) t 184 364 554 735 918 1,142 1,176 1,415 1,599 1,779
N1 0 0 0 0 1 0 1 0 0 0
N2 0 0 0 0 0 0 0 0 0 0
26 (7, 67, M) t 167 204 246 363 951 1,455 1,826
N1 0 0 0 0 0 0 1
N2 0 0 0 0 0 0 0
27 (1, 50, F) t 182 362 545 910 1,645
N1 0 0 0 0 0
N2 0 0 0 0 0
28 (5, 77, F) t 11 149 507 604 766 952 1,325 1,689
N1 0 0 0 1 0 0 0 0
N2 0 0 0 0 0 0 0 0
29 (1, 49, M) t 73 358 972
N1 0 0 0
N2 0 0 0
30 (6, 72, F) t 126 188 271 289 471 652 870 1,237 1,602 1,723
N1 0 0 0 0 0 0 0 0 0 0
N2 0 0 0 0 1 0 0 0 0 0
31 (6, 65, M) t 171 318 559 775 784 997 1,413 1,461 1,690 1,708
N1 0 0 0 2 0 0 1 0 0 0
N2 0 0 0 0 0 0 0 1 0 0
32 (1, 69, M) t 148 330 512 524 577 694 823
N1 0 0 0 0 0 0 0
N2 0 0 0 0 0 0 0
33 (1, 76, F) t 182 369 553 770 846 993 1,008 1,082
N1 0 0 0 0 0 0 0 0
N2 0 0 0 0 0 0 0 0
34 (2, 75, F) t 179 354 568 799 839 981 1,188 1,420 1,602 1,783
N1 0 0 0 0 0 0 0 0 0 0
N2 0 0 0 0 1 0 0 0 0 0
35 (1, 56, M) t 182 357 546 728 903 1,092 1,129 1,227 1,274 1,800
N1 0 0 0 0 0 0 0 0 0 0
N2 0 0 0 0 0 0 0 0 0 0
36 (4, 66, F) t 126 176 290 338 547 729 909 1,091 1,282 1,463 1,651 1,798
N1 0 0 0 0 0 0 0 0 0 0 0 0
N2 0 0 0 0 0 0 0 0 0 1 0 0
37 (7, 61, M) t 181 364 547 730 821 925 944 1,211 1,770
N1 1 0 1 0 0 1 0 1 1
N2 0 0 0 0 0 0 0 0 0
38 (2, 69, F) t 54 76 168 532 690 1,047 1,726
N1 0 0 0 1 1 0 0
N2 0 0 0 0 0 0 0
39 (2, 51, F) t 193 425 640 838 1,033 1,223 1,452 1,641 1,795
N1 0 0 0 0 1 0 0 0 0
N2 0 0 0 0 0 0 0 0 0
40 (2, 52, M) t 177 365 587 804 986 1,170 1,350 1,532 1,700
N1 0 0 0 0 0 0 0 0 0
N2 0 0 0 0 0 0 0 0 0
41 (1, 58, M) t 199 379 540 729 899 1,081 1,262 1,444 1,682 1,794
N1 0 0 0 0 0 0 0 0 0 0
N2 0 0 0 0 0 0 0 0 0 0
42 (2, 41, F) t 65 177 366 520 554 707 903 1,098 1,318 1,498 1,709 1,827
N1 0 0 0 0 1 0 0 0 0 0 0 0
N2 0 0 0 0 1 0 0 0 0 0 0 0
43 (1, 40, F) t 83 189 371 581 763 969 1,168 1,358 1,547 1,722
N1 0 0 0 0 0 0 0 0 0 0
N2 0 0 0 0 0 0 0 0 0 0
44 (1, 54, M) t 181 363 428 552 1,141 1,741
N1 0 0 0 0 0 0
N2 0 0 0 0 0 0
45 (1, 59, M) t 81 175 260 557 922 1,230 1,483 1,791
N1 0 0 0 0 0 1 0 0
N2 0 0 0 0 0 0 0 0
46 (2, 44, M) t 184 365 554 800 1,023 1,205 1,304 1,492 1,695 1,786
N1 0 2 3 0 1 2 1 0 0 1
N2 0 0 0 0 0 0 0 0 0 0
47 (1, 50, F) t 186 364 546 963 1,155 1,358 1,547 1,722
N1 0 0 0 0 0 0 0 0
N2 0 0 0 0 0 0 0 0
48 (1, 47, M) t 180 584 963 1,328 1,693
N1 0 0 0 0 0
N2 0 0 0 0 0
49 (1, 70, M) t 186 355 383 479 1,125 1,775
N1 0 0 0 0 1 1
N2 0 0 0 0 0 0
50 (2, 52, M) t 152 334 1,368 1,608
N1 0 0 0 0
N2 0 0 0 0
51 (1, 56, M) t 189 371 588 765 792 968 1,148 1,330 1,506 1,694 1,780
N1 0 0 0 0 0 0 0 0 0 0 0
N2 0 0 0 0 0 0 0 0 0 0 0
52 (1, 71, M) t 176 357 394 432 607 686 1,283 1,373 1,741
N1 0 0 0 0 0 0 0 0 0
N2 0 0 0 0 0 0 0 1 0
53 (2, 50, F) t 167 350 379 533 714 895 1,260 1,632 1,715
N1 0 1 0 0 1 0 0 2 0
N2 0 0 0 1 0 0 0 0 0
54 (5, 78, M) t 69 104 112 238 567 894
N1 0 1 0 0 1 1
N2 0 0 0 0 0 0
55 (11, 63, M) t 158 347 397 529 657 700 840 963 979 1,707
N1 0 0 0 1 0 0 0 0 0 0
N2 0 0 0 1 0 0 0 0 0 0
56 (1, 77, M) t 90 190 428 538 720 764 926 1,108 1,114 1,311 1,520 1,723
N1 0 0 0 0 0 0 0 0 0 1 0 0
N2 0 0 0 0 0 0 0 0 0 0 0 0
57 (6, 59, M) t 172 361 405 475 476 607 698 775 873 963 1,070 1,160
N1 1 0 0 1 0 0 0 0 0 0 0 0
N2 0 0 0 0 0 0 0 0 0 0 0 0
58 (10, 75, M) t 174 339 363 587 817 1,049 1,231 1,417 1,599 1,796
N1 0 0 0 1 1 0 0 0 0 0
N2 0 0 0 1 1 0 1 1 0 0
59 (11, 67, M) t 191 372 386 573 762 924 1,106 1,261 1,442 1,652 1,793
N1 1 1 0 1 0 0 0 0 0 0 0
N2 0 0 0 0 0 0 0 0 1 0 0
60 (1, 55, M) t 140 322 504 686 868 1,115 1,310 1,493 1,674 1,786
N1 0 0 0 0 0 0 0 0 0 0
N2 0 0 0 0 0 0 0 0 0 0
61 (2, 69, M) t 161 229 263 334 358 518 700 748 873 1,070 1,281 1,516
N1 0 0 0 0 0 0 0 0 0 0 0 0
N2 0 0 0 0 0 0 0 0 0 0 0 0
62 (1, 69, M ) t 199 381 595 623 778 967 1,200 1,374 1,556 1,737
N1 0 0 0 0 0 0 0 0 0 0
N2 0 0 0 0 0 0 0 0 0 0
63 (3, 56, M) t 196 375 567 749 931 1,127 1,351 1,519 1,708
N1 0 0 0 0 0 0 0 1 0
N2 1 0 0 0 0 0 0 0 0
64 (2, 46, F) t 20 30 176 548 1,674
N1 0 0 0 0 0
N2 0 0 0 0 0
65 (1, 71, F) t 274 530 698 897 1,139
N1 0 0 0 0 0
N2 0 0 0 0 0
66 (3, 42, M) t 20 146 158 326 507 692 866 1,053 1,235 1,417 1,600 1,781
N1 0 1 0 0 0 0 0 0 0 0 0 0
N2 0 0 0 0 0 0 0 0 0 0 0 0
67 (1, 55, F) t 221
N1 0
N2 0
68 (2, 45, M) t 191 357 799
N1 0 0 0
N2 0 0 0
69 (3, 44, F) t 189 371 562 685 745 911 1,093 1,339 1,520 1,707 1,787
N1 0 0 0 0 0 0 1 0 0 0 0
N2 0 0 0 0 0 0 0 0 0 0 0
70 (1, 75, M) t 182 365 570 750 947 1,130 1,317 1,499 1,681 1,788
N1 0 0 0 0 0 0 1 0 0 0
N2 0 0 0 0 0 0 0 0 0 0
71 (2, 70, M) t 161 336 539 718 910 1,084 1,201 1,470 1,665
N1 0 0 0 0 0 0 0 0 0
N2 0 0 0 0 0 0 0 0 0
72 (2, 63, M) t 168 259 349 546 624 671 727 891 1,072 1,291 1,476 1,659
N1 0 0 0 0 0 0 0 0 0 1 0 0
N2 0 0 1 1 0 0 0 0 0 0 0 0
73 (2, 70, M) t 179 383 580 767 949 971
N1 0 0 0 0 0 0
N2 0 0 1 0 0 0
74 (9, 64, M) t 177 188 202 379 743 1,113 1,666
N1 1 0 0 0 0 1 0
N2 0 0 0 0 0 1 1
75 (3, 78, M) t 96 198 439 637 1,037 1,405
N1 0 0 0 0 0 0
N2 0 0 0 0 0 0
76 (2, 49, M) t 184 364 402 567 770 786 952 1,141 1,323 1,505 1,688
N1 0 0 0 0 0 0 0 0 0 0 0
N2 0 0 0 0 0 0 0 0 0 0 0
77 (2, 72, M) t 191 371 406 569 751 931 1,114 1,294 1,477 1,658 1,793
N1 0 0 0 0 0 0 0 0 0 0 0
N2 0 0 0 0 0 0 0 0 0 0 0
78 (1, 67, M) t 181 364 554 719 901 1,083 1,279 1,450 1,632 1,791
N1 0 0 0 0 0 0 0 0 0 0
N2 0 0 0 0 0 1 1 0 0 0
79 (3, 61, M) t 182 365 573 754 936 1,121 1,204 1,308 1,540 1,741
N1 0 0 0 0 0 0 0 0 1 0
N2 0 0 0 0 0 0 0 0 0 0
80 (5, 63, F) t 181 292 658 1,190 1,642
N1 0 1 0 0 2
N2 0 0 0 0 0
81 (2, 44, M) t 213 360 584 767 949 1,102 1,279 1,470 1,659
N1 0 0 0 0 0 0 0 0 0 0
N2 0 0 0 0 0 0 0 0 0 0
82 (2, 67, M) t 34 62 94 336 700 1,710
N1 0 0 0 0 0 0
N2 0 0 0 0 0 0
83 (5, 63, M) t 182 364 406 545 721 895 1,252 1,469 1,611 1,674 1,820
N1 0 0 0 0 0 0 0 0 0 1 0
N2 0 0 1 0 1 0 0 0 0 0 2
84 (2, 71, F) t 182 376 573 754 936 1,038 1,091 1,323 1,503 1,685
N1 0 0 0 0 0 0 0 0 0 0
N2 1 0 0 0 0 0 0 0 0 0
85 (1, 63, M) t 181 330 356 523 707 894 1,078 1,258 1,469 1,667 1,797
N1 0 0 0 0 0 0 0 0 0 0 0
N2 0 1 0 0 0 0 0 0 0 0 0
86 (2, 76, F) t 161 176 210 238 595 959
N1 0 0 0 0 0 0
N2 0 0 0 0 0 0
87 (1, 49, F) t 186 368 551 665 956 1,134 1,314 1,490 1,670
N1 0 0 0 0 0 0 0 0 0
N2 0 0 0 0 0 0 0 0 0
88 (1, 52, M) t 189 371 549 735 918 1,099 1,247 1,479 1,617
N1 0 0 0 0 0 0 0 0 0
N2 0 0 0 0 0 0 0 0 0
89 (15, 67, F) t 175 357 539 742 924 1,142 1,323 1,505 1,695
N1 1 0 1 0 0 0 1 0 0
N2 0 0 0 0 0 0 0 0 0
90 (1, 66, M) t 176 400 430 456 591 592 1,326 1,578
N1 0 0 0 0 0 0 0 0
N2 0 0 0 0 0 0 0 0
91 (1, 51, F) t 86 91 112 163 394 582 763 953 1,137 1,330 1,513 1,695
N1 1 1 0 0 2 0 0 0 0 0 0 0
N2 0 0 0 0 2 0 0 0 0 0 0 0
92 (3, 55, F) t 175 392 581 770 959 1,141 1,330 1,512 1,694
N1 0 0 0 0 0 0 1 0 0
N2 0 0 0 0 0 0 0 0 0
93 (2, 53, F) t 135 316 506 680 717 871 884 1,079 1,276 1,424 1,598
N1 0 0 0 0 0 0 0 0 0 0 2
N2 0 0 0 0 0 0 0 0 0 0 0
94 (1, 59, F) t 175 386 583 763 959 1,141 1,323 1,512 1,694
N1 0 0 0 0 0 0 0 0 0
N2 0 0 0 0 0 0 0 0 0
95 (2, 76, F) t 62 160 334 517 692 817 874 1,042 1,407
N1 0 0 1 0 1 0 0 0 0
N2 0 0 0 0 0 0 0 0 0
96 (6, 78, M) t 140 344 539 762 972 1,282 1,483
N1 0 0 0 0 0 0 0
N2 0 0 0 0 0 2 1
97 (2, 59, M) t 210 385 575 756 939 1,125 1,309 1,532
N1 0 0 0 0 1 0 0 0
N2 0 0 0 0 1 0 0 0
98 (4, 62, M) t 239 428 593 776 978 1,160 1,344 1,526 1,721
N1 1 0 0 0 0 0 0 0 0
N2 0 0 0 0 0 0 0 0 0
99 (1, 53, F) t 27 188 379 559 743 945 1,127
N1 0 0 0 0 0 0 0
N2 0 0 0 0 0 0 0
100 (12, 74, M) t 183 249 338 521 688 875 1,086 1,281 1,463 1,666
N1 0 0 0 0 0 0 0 0 0 0
N2 0 0 0 0 0 0 0 1 0 0
101 (1, 69, M) t 120 303 340 716 744 877 1,051 1,296 1,492 1,681
N1 0 0 0 0 0 0 0 1 0 1
N2 0 0 0 0 0 0 0 0 0 0
102 (3, 67, M) t 56 201 218 391 701
N1 0 0 0 0 0
N2 0 0 0 0 0
103 (27, 73, F) t 168 350 582 596 764 940 1,106 1,322 1,496 1,658
N1 0 0 0 0 0 1 0 1 1 0
N2 0 0 1 0 0 0 0 0 0 0
104 (6, 53, M) t 147 329 490 672 854
N1 0 0 0 1 0
N2 0 0 0 0 0
105 (6, 73, F) t 121 309 485 749 1,126 1,181 1,547
N1 0 0 0 0 0 0 0
N2 0 0 0 0 1 0 0
106 (2, 77, M) t 172 398 516 699 1,064 1,290 1,395
N1 0 1 0 0 0 1 0
N2 0 0 0 0 0 1 0
107 (4, 79, M) t 188 377 553 594 733 861 936 1,077 1,336
N1 0 0 0 0 0 0 0 0 0
N2 0 0 0 0 0 0 0 0 1
108 (1, 45, M) t 62 188 365 573 762 941
N1 0 0 0 0 0 0
N2 0 0 0 0 0 0
109 (7, 71, M) t 159 359 546 730 912 1,092 1,274 1,498
N1 0 1 0 1 0 0 1 0
N2 0 0 0 0 0 0 0 0
110 (2, 66, M) t 181 363 533 712 894 1,077 1,261 1,441 1,630
N1 0 0 0 0 0 1 0 0 0
N2 0 0 0 0 0 0 0 0 0
111 (1, 70, M) t 180 371 552 733 914 1,098 1,279 1,463
N1 0 0 0 0 1 0 0 0
N2 0 0 0 0 0 0 0 0
112 (1, 64, F) t 168 355 538 721 896 1,083 1,260 1,441 1,623
N1 0 0 0 0 0 0 0 0 0
N2 0 0 0 0 0 0 0 0 0
113 (2, 56, M) t 175 364 733 971
N1 0 0 0 0
N2 0 0 0 0
114 (1, 66, F) t 181 229 356 420 504 1,433
N1 0 0 0 0 0 0
N2 0 0 0 0 0 0
115 (3, 73, F) t 177 358 552 749 937 1,115 1,295 1,458
N1 0 0 0 0 0 0 0 0
N2 0 0 0 0 0 0 0 0
116 (1, 58, M) t 154 247 335 517 699 884 1,073 1,302 1,437
N1 0 0 0 0 0 0 0 0 0
N2 0 0 0 0 0 0 0 0 0
117 (3, 53, M) t 79 108 118 252 301 489 785
N1 0 0 0 0 0 0 0
N2 0 0 0 0 0 0 0
118 (1, 66, M) t 180 363 544 762 971 1,169 1,351 1,538
N1 0 1 0 0 1 0 0 0
N2 0 0 0 0 0 0 0 0
119 (2, 46, M) t 175 358 650 679 791
N1 0 1 3 1 3
N2 0 0 0 0 0
120 (2, 54, M) t 174 296 316 357 680 752 1,081 1,276
N1 0 0 0 0 0 0 0 0
N2 0 0 0 0 0 0 0 0
121 (4, 44, M) t 168 350 534 721 896
N1 0 0 0 0 0
N2 0 0 0 0 0
122 (2, 50, F) t 152 335 515 713 903 1,085 1,251 1,434
N1 0 0 1 0 0 0 0 0
N2 0 0 0 0 0 0 0 0
123 (3, 49, M) t 202 391 581 763 958 1,139 1,321 1,506
N1 1 0 1 0 0 0 0 0
N2 0 1 0 0 0 0 1 0
124 (4, 59, M) t 188 314 616 812 866 1,364 1,545
N1 0 0 1 1 1 0 0
N2 0 0 0 0 0 0 0
125 (8, 62, F) t 108 290 458 638 837 987 1,228 1,465
N1 0 0 0 0 0 0 0 0
N2 0 0 0 0 0 0 0 0
126 (1, 73, F) t 141 351 419
N1 0 0 0
N2 0 0 0
127 (1, 68, F) t 180 390 424 600 964 1,224 1,418
N1 0 0 0 0 0 0 0
N2 0 0 0 0 0 0 0
128 (2, 47, F) t 175 365 559 756 939 1,121 1,303 1,477
N1 0 0 1 0 0 0 0 0
N2 0 0 1 0 0 0 0 0
129 (3, 50, F) t 222 383 572 742 855 943 1,126 1,307 1,477
N1 0 0 0 2 0 0 0 1 0
N2 0 0 0 0 0 0 0 0 0
130 (2, 56, F) t 180 197 363 370 559 725 755 943 1,148 1,349 1,495
N1 0 0 0 0 0 0 0 0 0 0 0
N2 0 0 0 0 0 0 0 0 0 0 0
131 (1, 66, F) t 166 358 516 698 896 1,091 1,273 1,471
N1 0 0 0 0 0 0 0 0
N2 0 0 0 0 0 0 0 0
132 (1, 44, M) t 182 409
N1 0 0
N2 0 0
133 (1, 51, M) t 159 516 698 880 1,062 1,244 1,426
N1 0 0 0 0 0 0 0
N2 0 0 0 0 0 0 0
134 (4, 37, F) t 359 604 623 996 1,018 1,226
N1 1 1 2 1 0 1
N2 1 0 0 0 0 0
135 (2, 55, F) t 173 350 578 760 944 1,085 1,355
N1 0 0 0 1 0 0 0
N2 0 0 0 0 0 0 0
136 (6, 67, M) t 195 378 562 626 748 1,163 1,294
N1 0 0 0 0 0 0 0
N2 0 1 2 0 0 1 1
137 (35, 67, M) t 189 349 425 574 867
N1 2 1 1 0 0
N2 0 0 0 0 0
138 (1, 63, M) t 167 350 553 560 742 971 1,168 1,337
N1 0 0 1 0 0 0 0 0
N2 0 0 0 0 0 0 0 0
139 (2, 71, M) t 178 332 517 719 899 1,088 1,270
N1 0 0 0 0 0 0 0
N2 0 0 0 0 1 0 0
140 (7, 48, M) t 178 379 440 540 722 764 885 1,084 1,253 1,431
N1 0 0 0 0 1 1 0 0 0 0
N2 0 0 0 0 0 0 0 0 0 0
141 (4, 44, F) t 158 356 530 570 740 900 1,063 1,242
N1 0 0 2 0 0 0 0 1
N2 0 0 0 0 0 0 0 0
142 (34, 73, M) t 103 162 163 253 343 525 705 833 1,083 1,212
N1 0 0 1 1 2 0 0 0 0 0
N2 0 0 0 0 0 0 0 2 0 0
143 (7, 73, F) t 110 117 124 135 183 190 219 254 386 589 617 798
N1 0 0 0 0 0 0 0 0 0 0 0 2
N2 0 0 0 0 0 0 0 0 0 0 0 0
144 (2, 61, M) t 125 179 363 531 735 915 1,103 1,296 1,476 1,663 1,784
N1 0 1 0 0 0 0 1 0 0 0 0
N2 0 0 0 0 0 0 0 0 0 0 0
145 (11, 65, M) t 182 364 546 728 912 955 1,138 1,323 1,519 1,743
N1 1 1 0 4 0 2 1 0 1 0
N2 0 0 0 0 0 0 0 0 0 0
146 (3, 62, F) t 210 216 337 713 1,031
N1 0 0 0 0 0
N2 0 0 0 0 0
147 (7, 56, M) t 190 383 490 566 756 972 1,002 1,240 1,412 1,601 1,631 1,792
N1 0 0 0 0 1 1 0 0 0 0 1 1
N2 0 0 0 0 0 0 0 0 0 0 0 1
148 (1, 40, M) t 190 372 567 763 945 1,127 1,309 1,541 1,723
N1 0 0 0 0 0 0 0 0 0
N2 0 0 0 0 0 0 0 0 0
149 (1, 67, M) t 186 362 564 755 925 1,120 1,301 1,483 1,665 1,791
N1 0 0 0 0 0 0 0 0 0 0
N2 0 0 0 0 0 0 0 0 0 0
150 (6, 75, M) t 204 302 499 707 911 1,102 1,256 1,470 1,702 1,793
N1 0 0 0 0 0 0 0 0 0 0
N2 0 0 0 0 0 0 0 0 0 1
151 (2, 57, F) t 176 364 545 743 925 1,106 1,288 1,470 1,651 1,794
N1 0 0 0 0 0 0 0 0 0 0
N2 0 0 0 0 0 0 0 0 0 0
152 (16, 78, M) t 183 366 569 757 940 1,011 1,024
N1 1 0 0 0 1 0 0
N2 0 0 0 0 0 0 0
153 (2, 51, M) t 21 188 370 552 734 918 1,457 1,709
N1 0 0 0 0 0 0 1 0
N2 0 0 0 0 0 0 0 0
154 (1, 66, M) t 182 362 533 695 901 1,268 1,343 1,531 1,713
N1 0 0 0 0 0 0 0 0 0
N2 0 0 0 0 0 0 1 1 0
155 (3, 74, M) t 179 392 586 614 642 837 893 1,372 1,798
N1 0 0 1 0 0 0 0 0 0
N2 0 0 0 0 0 0 0 0 0
156 (26, 63, M) t 177 282 357 393 610 792 996 1,183 1,394 1,575 1,772
N1 1 0 0 1 0 0 0 0 0 2 0
N2 0 0 0 0 0 0 0 0 0 0 0
157 (1, 51, F) t 135 323 504 686 903 1,099 1,309 1,484 1,669 1,799
N1 0 0 0 0 0 0 0 0 0 0
N2 0 0 0 0 0 0 0 0 0 0
158 (1, 50, M) t 62 188 191 197 230 238 268 387 517 545 692 818
N1 0 2 0 0 1 0 0 0 3 0 0 0
N2 0 2 0 0 0 0 0 1 0 0 0 1
159 (1, 75, F) t 180
N1 0
N2 0
160 (6, 52, M) t 126 313 501 693 868 1,049 1,230 1,421 1,610 1,747 1,777
N1 1 1 1 0 2 0 1 1 0 0 1
N2 0 0 0 1 0 0 0 0 0 0 0
161 (2, 76, F) t 193 375 559 621 741 936 1,119 1,153 1,187 1,250 1,302 1,370
N1 0 0 0 0 0 0 0 0 0 0 0 0
N2 0 0 0 0 0 0 0 0 0 0 0 0
162 (17, 73, M) t 182 357 549 589 661 745 939 1,088 1,129 1,282 1,336 1,449
N1 0 0 0 0 0 0 0 0 1 1 0 1
N2 0 1 0 1 0 0 1 1 0 0 0 1
163 (12, 71, F) t 188 357 538 733 916 1,098 1,281 1,484 1,671 1,783
N1 0 0 1 1 0 1 1 0 0 0
N2 0 0 0 0 0 0 0 0 0 0
164 (3, 42, F) t 127 314 502 698 796 866 1,048 1,204 1,390 1,579 1,747
N1 0 0 0 1 0 0 0 0 0 0 0
N2 0 1 0 0 0 0 0 0 0 0 0
165 (34, 47, F) t 189 302 414 525 718 903 1,098 1,191 1,299 1,461 1,657 1,799
N1 0 0 0 0 2 0 2 0 0 3 0 0
N2 1 0 0 0 0 1 0 3 0 0 0 0
166 (3, 78, M) t 180 374 430 441 559 600 644 700 740 776 884 1,075
N1 0 0 0 0 0 0 0 0 0 0 0 0
N2 0 1 0 0 0 0 0 0 0 0 0 0
167 (9, 49, F) t 185 367 549 731 947 1,156 1,284 1,415 1,599 1,781
N1 2 2 3 2 0 2 1 2 0 2
N2 0 0 0 0 0 0 0 0 0 0
168 (7, 61, M) t 113 177 324 371 772
N1 0 0 0 0 0
N2 1 0 0 0 0
169 (1, 60, M) t 181 323 532 705 876 1,051 1,231 1,412 1,595 1,776
N1 0 0 0 0 0 0 0 1 0 1
N2 0 0 0 0 0 0 0 0 0 0
170 (2, 62, F) t 180 362 559 748 910 1,090 1,335 1,519 1,762
N1 0 0 0 0 0 0 0 0 0
N2 0 0 0 0 0 0 0 0 0
171 (6, 75, F) t 197 379 581 633 763 945 1,129 1,309 1,480 1,669 1,799
N1 0 0 0 0 0 0 0 0 0 1 1
N2 0 0 0 0 0 0 0 0 0 0 0
172 (3, 48, M) t 196 337 519 701 889 1,065 1,247 1,435 1,618 1,799
N1 0 0 2 0 0 0 0 0 1 0
N2 0 0 0 0 0 0 0 0 1 0
173 (1, 72, F) t 104 189 287 477 653 835 1,008 1,197 1,358 1,583 1,766
N1 0 0 0 0 0 0 0 0 0 0 0
N2 0 0 0 2 0 0 0 0 0 0 0
174 (8, 56, F) t 194 302 393 567 757 820 960 1,146 1,316 1,497 1,674 1,797
N1 0 0 0 0 1 0 0 0 0 0 0 0
N2 0 0 0 0 0 0 0 0 0 0 1 0
175 (8, 64, F) t 175 221 364 553 735 840 917 1,099 1,281 1,470 1,652 1,778
N1 0 0 0 2 0 0 0 0 3 0 0 0
N2 0 0 0 0 0 0 0 0 1 0 0 0
176 (7, 56, M) t 172 344 522 732 900 1,091 1,259 1,440 1,616 1,791
N1 1 0 0 0 0 0 0 1 0 0
N2 0 0 0 0 0 0 0 0 1 0
177 (1, 58, F) t 153 336 517 699 882 1,071 1,252 1,434 1,616 1,793
N1 0 0 0 0 0 0 0 0 0 0
N2 0 0 0 0 0 0 0 0 0 0
178 (1, 50, M) t 180 344 505 686 855 1,055 1,281 1,503 1,706
N1 0 0 0 0 0 0 0 0 0
N2 0 0 0 0 0 0 0 0 0
179 (1, 64, F) t 188 368 545 733 826 978 1,180 1,285 1,469 1,650 1,785
N1 0 0 0 0 0 0 0 0 0 0 0
N2 0 0 0 0 0 0 0 0 0 0 0
180 (2, 56, F) t 154 197 334 516 698 883 1,065 1,246 1,427 1,608
N1 0 0 0 0 0 0 1 0 0 0
N2 0 0 0 0 0 0 0 0 0 0
181 (1, 46, F) t 162 308 490 675 724 857 1,052 1,232 1,417 1,631 1,787
N1 0 0 0 0 0 0 0 0 0 0 0
N2 0 0 0 0 0 0 0 0 0 0 0
182 (4, 42, F) t 71 162 343 547 730 923 1,105 1,301 1,483 1,675 1,808
N1 1 0 0 0 0 0 0 0 0 0 0
N2 0 0 0 0 0 0 0 0 0 0 0
183 (8, 63, M) t 147 246 261 352 569 674 855 1,045 1,234 1,282 1,415 1,494
N1 1 0 0 0 1 0 0 0 1 0 0 0
N2 0 0 0 0 0 0 1 0 0 1 1 0
184 (6, 64, M) t 113 200 382 564 746 932 1,114 1,299 1,469 1,665
N1 0 0 0 0 0 0 0 0 0 0
N2 0 0 0 0 0 0 0 0 0 0
185 (1, 51, M) t 173 354 389 431 465 558 658 770 922
N1 0 0 0 0 0 0 0 0 0
N2 0 0 0 0 0 0 0 0 0
186 (9, 67, F) t 199 381 595 623 778 967 1,200 1,247 1,374 1,737
N1 0 0 0 1 0 0 0 0 1 0
N2 0 0 0 0 0 0 0 0 0 0
187 (3, 77, M) t 191 387 583 784 986 1,169 1,350 1,532 1,792
N1 0 0 0 0 0 0 0 0 0
N2 0 0 0 0 0 0 0 0 0
188 (9, 61, F) t 111 305 462 486 671 851 1,063 1,301 1,488 1,677 1,795
N1 0 0 0 0 0 2 0 0 2 1 1
N2 0 0 0 0 0 0 0 0 0 0 0
189 (2, 44, F) t 38 176 225 339 394 541 750 1,044 1,204 1,386 1,568 1,879
N1 0 0 0 0 0 0 0 0 0 0 0 0
N2 0 0 0 0 0 0 0 0 0 0 0 0
190 (21, 64, M) t 119 295 476 660 686 826 1,017 1,204 1,386 1,575 1,771
N1 0 0 0 0 0 0 0 0 0 0 0
N2 1 0 1 0 0 0 0 1 0 1 1
191 (1, 67, M) t 182 364 567 744 890 1,098 1,282 1,485 1,637 1,850
N1 0 0 0 0 0 0 1 0 0 0
N2 0 0 0 0 0 0 0 1 0 1
192 (1, 45, M) t 175 357 572 755 935 1,141 1,327 1,510 1,701
N1 0 0 0 0 0 0 0 0 0
N2 0 0 0 0 1 0 0 0 0
193 (15, 70, F) t 157 337 533 642 745 934 1,122 1,309 1,492 1,674 1,779
N1 1 0 0 0 1 0 1 2 2 1 0
N2 0 1 0 0 0 0 0 0 0 0 0
194 (1, 69, M) t 149 329 518 703 893 1,068 1,253 1,449 1,633 1,660 1,793
N1 0 0 0 0 0 0 0 0 0 0 0
N2 0 0 0 0 0 0 0 0 0 1 0
195 (4, 69, M) t 174 356 552 726 929 1,127 1,302 1,505 1,674
N1 0 0 0 0 0 0 1 0 0
N2 0 0 0 0 0 0 0 0 0
196 (4, 65, M) t 43 88 170 239 358 394 533 714 876 1,054 1,078 1,269
N1 0 0 0 0 1 0 1 0 0 0 0 0
N2 0 0 0 0 0 0 0 0 0 0 0 0
197 (1, 47, F) t 168 350 548 737 911 1,093 1,275 1,457 1,638 1,779
N1 0 0 0 0 0 0 0 0 0 0
N2 0 0 0 0 0 0 0 0 0 0
198 (3, 62, M) t 154 322 525 707 860 1,058 1,253 1,443 1,686
N1 0 0 0 0 0 0 0 0 0
N2 0 0 0 0 0 1 0 1 1
199 (1, 39, M) t 165 347 539 719 902 1,111 1,294 1,483 1,666 1,791
N1 0 0 0 0 0 0 1 0 0 0
N2 0 0 0 0 0 0 0 0 0 0
200 (21, 55, M) t 193 378 566 784 959 1,148 1,319 1,510 1,699 1,789
N1 1 1 0 1 2 0 0 2 0 0
N2 0 0 0 0 0 0 0 0 1 0
201 (2, 55, M) t 44 177 359 554 721 958 1,122 1,283 1,465 1,645 1,792
N1 0 0 0 1 0 0 2 0 0 1 0
N2 0 0 0 0 0 1 0 0 0 0 0
202 (2, 76, F) t 140 321 351 517 707 882 979 1,014 1,084 1,611
N1 0 0 0 0 0 0 0 0 0 0
N2 0 0 0 0 0 0 0 0 2 0
203 (6, 63, F) t 160 342 532
N1 1 1 1
N2 0 0 0
204 (1, 54, F) t 176 329 528 696 920 1,095 1,277 1,464 1,646 1,781
N1 0 0 0 0 0 0 0 0 0 0
N2 0 0 0 0 0 0 0 0 0 0
205 (2, 76, M) t 167 386 531 714 883 1,078 1,259 1,437 1,617 1,812
N1 0 0 0 0 0 0 0 0 0 0
N2 0 0 0 0 0 0 0 0 0 0
206 (3, 73, F) t 180 364 551 736 757 826 924 1,111 1,293 1,394 1,736
N1 0 0 0 0 0 0 0 0 0 1 0
N2 0 0 0 0 0 0 0 0 0 0 1
207 (2, 60, F) t 145 175 356 537 747 938 1,112 1,303 1,483 1,671
N1 0 0 0 0 0 0 0 0 0 0
N2 0 0 0 0 0 0 0 0 0 0
208 (2, 49, M) t 208 385 574 754 944 1,125 1,309 1,489 1,672
N1 0 0 0 0 0 0 0 0 0
N2 0 0 0 0 0 0 0 0 0
209 (2, 63, F) t 138 526
N1 0 0
N2 0 0
210 (1, 63, F) t 175 357 538 709 890 1,077 1,259 1,448 1,623 1,787
N1 0 0 0 0 0 0 0 0 0 0
N2 0 0 0 0 0 0 0 0 0 0
211 (2, 78, M) t 147 328 524 707 887 1,069 1,252 1,434 1,616
N1 0 0 0 0 0 0 1 0 0
N2 1 0 0 0 0 0 0 0 0
212 (2, 40, M) t 179 389 657 844 1,026 1,217 1,399 1,586 1,768
N1 0 0 0 0 0 0 0 0 0
N2 0 0 0 0 0 0 0 0 0
213 (3, 57, M) t 104 286 468 655 832 1,014 1,203 1,399 1,488 1,555
N1 0 0 0 0 0 0 0 0 0 0
N2 0 0 0 0 0 0 0 0 0 0
214 (1, 43, M) t 152 334
N1 0 0
N2 0 0
215 (7, 68, F) t 55 68 173 424 446 705 783 1,529
N1 0 0 0 0 0 1 0 0
N2 0 0 0 0 0 0 0 0
216 (2, 76, F) t 145 327 552 590 618 698 1,091 1,280 1,476 1,715
N1 0 0 0 0 0 0 0 0 0 0
N2 0 0 0 0 0 0 0 0 1 0
217 (2, 62, M) t 180 377 569 616 706 756 936 1,135 1,328 1,511 1,708
N1 0 1 1 0 0 0 0 0 0 1 0
N2 0 0 0 0 0 0 0 0 0 0 0
218 (3, 52, F) t 188 404 574 784 973 1,168 1,355 1,540 1,720
N1 0 0 0 0 1 1 0 1 1
N2 0 0 0 0 0 0 0 0 0
219 (2, 59, M) t 175 407 589 778 960 1,066 1,149 1,338 1,527 1,736
N1 2 0 0 0 0 1 0 0 0 1
N2 0 1 0 0 0 0 0 0 0 0
220 (1, 52, F) t 175 329 511 708 890 1,072 1,268 1,443 1,646
N1 0 0 0 0 0 0 0 0 0
N2 0 0 0 0 0 0 0 0 0
221 (1, 78, M) t 314 563 650 752 754 1,185 1,704
N1 0 0 0 0 0 0 2
N2 0 0 0 0 0 0 0
222 (1, 59, F) t 308 663
N1 0 0
N2 0 0
223 (17, 74, M) t 168 399 582 672 743 882 919 1,185 1,345 1,526
N1 3 1 0 1 2 0 1 2 0 0
N2 0 0 0 1 0 0 0 0 0 1
224 (1, 55, M) t 140 336 518 707 946 1,128 1,310 1,518 1,672
N1 0 0 0 0 0 0 0 0 0
N2 0 0 0 0 0 0 0 0 0
225 (12, 63, M) t 42 124 208 420 502 637 819 1,006 1,070 1,188 1,370 1,558
N1 1 0 1 0 0 0 1 0 1 0 0 1
N2 0 0 0 1 0 0 0 0 0 0 0 0
226 (1, 49, F) t 182 364 546 735 917 1,099 1,279 1,463 1,650
N1 0 0 0 0 0 0 0 0 0
N2 0 0 0 0 0 0 0 0 0
227 (2, 75, M) t 172 355 545 699 741 811 923 1,399
N1 0 0 1 0 1 0 0 0
N2 0 0 0 0 0 1 0 0
228 (10, 51, M) t 183 372 539 728 749 910 1,087 1,281 1,464 1,652
N1 0 0 0 0 0 0 0 0 0 0
N2 0 0 0 0 0 0 0 0 0 0
229 (5, 69, M) t 78 152 519 1,380 1,581
N1 0 0 0 1 0
N2 0 0 0 0 0
230 (2, 79, M) t 154 336 511 698 957 1,393
N1 0 0 0 0 0 0
N2 0 0 0 1 0 0
231 (2, 58, M) t 175 359 386 548 729 945 1,128 1,379 1,548
N1 0 0 0 0 0 0 0 0 0
N2 0 0 0 0 0 0 0 0 0
232 (1, 73, M) t 107 182 358 540 640 679 723 904 1,093 1,270 1,451 1,654
N1 1 0 0 0 0 0 0 0 1 0 0 0
N2 0 0 0 0 0 0 0 0 0 0 0 0
233 (1, 60, M) t 182 364 567 734 918 1,088 1,282 1,468 1,651
N1 0 0 0 0 0 0 0 0 0
N2 0 0 0 0 0 0 0 0 0
234 (2, 68, M) t 21 28 73 164 352 541 553 722 904 1,185 1,360 1,533
N1 0 1 0 0 0 0 0 0 0 0 0 0
N2 0 0 0 0 0 0 0 0 0 0 0 0
235 (2, 53, M) t 65 245 427 610 829 1,032 1,197 1,401 1,589
N1 0 0 0 0 0 0 0 0 1
N2 0 0 0 0 0 0 0 0 0
236 (6, 55, M) t 174 364 547 727 924 1,135 1,315 1,499
N1 1 1 0 0 1 0 0 1
N2 0 0 0 0 0 0 0 0
237 (7, 73, F) t 82 89 112 187 370 517 734 1,139 1,504 1,545
N1 0 0 0 0 1 0 0 0 0 0
N2 1 0 0 0 0 1 0 0 0 0
238 (2, 63, M) t 118 313 490 769 979 1,167 1,376
N1 0 0 0 0 1 0 0
N2 0 0 0 0 0 0 0
239 (4, 67, M) t 64 254 329 583 737 918 923 1,100 1,282
N1 0 0 1 0 0 0 0 0 0
N2 1 1 0 0 0 0 0 0 1
240 (3, 74, M) t 185 368 571 754 886 1,055 1,244 1,426 1,615
N1 0 1 0 1 1 2 0 0 0
N2 0 0 0 1 0 0 0 1 0
241 (1, 58, F) t 93 175 379 406 548 798 974 1,131 1,309
N1 0 0 0 0 0 0 0 0 0
N2 0 0 0 0 0 0 0 0 0
242 (9, 79, F) t 82 145 365 511 700 1,069 1,310
N1 0 0 0 1 0 0 0
N2 0 0 0 0 0 1 1
243 (5, 54, M) t 203
N1 0
N2 0
244 (22, 54, M) t 61 69 279 326 572 818 1,140 1,329 1,510
N1 2 0 1 0 0 1 0 1 0
N2 0 0 2 0 2 0 1 2 1
245 (6, 57, M) t 150 297 329 472 668 852 1,032 1,217 1,399 1,588
N1 0 0 0 0 0 0 0 0 0 0
N2 0 0 0 0 0 0 0 0 0 0
246 (2, 59, F) t 162 393 400 590 760 772 792 794 856 927 1,312
N1 0 0 0 0 0 0 0 1 0 0 0
N2 0 0 0 0 0 0 0 0 0 0 0
247 (12, 76, F) t 179 361 544 726 908 1,097 1,273 1,454
N1 0 0 0 0 3 0 0 0
N2 0 0 0 0 0 0 0 0
248 (1, 66, M) t 141 331 519 750 987 1,154 1,359 1,575
N1 0 1 0 0 0 0 0 0
N2 0 0 0 0 0 0 0 0
249 (4, 69, F) t 225 575 734 980 1,239
N1 0 0 0 0 0
N2 0 0 0 1 0
250 (2, 46, F) t 32 144 360 520 564 702 882 1,085 1,148 1,382
N1 0 1 0 0 0 0 0 1 0 0
N2 0 0 0 0 0 0 0 0 0 0
251 (2, 60, M) t 205 384 582 610 790 833 972 1,102 1,154 1,336 1,518
N1 0 0 1 0 0 1 0 0 0 1 0
N2 0 0 0 0 0 1 0 0 0 0 0
252 (6, 68, M) t 194 377 552 733 957 1,141 1,323 1,511
N1 0 0 0 0 0 0 0 0
N2 0 0 1 0 0 0 0 0
253 (10, 66, F) t 209 384 573 776 973 1,154 1,337 1,546
N1 0 0 4 0 0 1 2 0
N2 1 0 0 0 0 0 0 0
254 (5, 71, F) t 134 315 509 693 873 1,064 1,245 1,427
N1 0 0 0 0 0 0 0 0
N2 0 0 0 0 0 0 0 0
255 (1, 48, F) t 196 370 565 747 936 1,126 1,308 1,503
N1 0 0 0 0 0 0 0 0
N2 0 0 0 0 0 0 0 0
256 (2, 52, M) t 187 378 600 782 971 1,151 1,335 1,522
N1 0 0 0 0 0 0 0 0
N2 0 0 0 0 0 0 0 0
257 (1, 39, M) t 190 380 580 813 1,063 1,266 1,420
N1 0 0 0 0 0 0 0
N2 0 1 0 0 0 0 0
258 (6, 54, F) t 127 334 509 743 894 1,051 1,219 1,414
N1 2 0 0 0 1 0 0 0
N2 0 0 0 0 0 0 0 0
259 (8, 75, M) t 182 362 583 679 817 1,163
N1 0 0 2 0 1 1
N2 0 0 0 1 0 0
260 (3, 77, F) t 133 322 323 503 693 861 938
N1 0 0 0 0 0 0 0
N2 0 0 0 0 0 0 0
261 (1, 40, M) t 182 353
N1 0 0
N2 0 0
262 (9, 64, M) t 239 380 386 430 483 604 793 1,038 1,219 1,442
N1 0 0 0 0 0 0 0 0 0 0
N2 0 1 0 0 1 0 0 0 0 0
263 (10, 58, M) t 181 194 370 549 728 859 888 1,041 1,187 1,369
N1 0 1 0 0 0 0 0 0 0 0
N2 0 0 0 0 0 0 0 0 0 0
264 (11, 65, M) t 70 196 379 567 573 663 825 846 1,034 1,293
N1 1 0 0 2 0 0 0 0 0 1
N2 0 0 0 0 0 0 0 0 0 0
265 (2, 46, F) t 182 357 519 700 892 1,137 1,312 1,459
N1 0 0 0 0 0 0 0 0
N2 0 0 0 0 0 0 0 0
266 (1, 57, F) t 47 170 215 335 537 769 889 1,023 1,225 1,386
N1 0 0 0 0 0 0 0 0 0 0
N2 0 0 0 0 0 0 0 0 0 0
267 (8, 66, M) t 168 202 332 421 477 686 833 1,050 1,101 1,273 1,427
N1 0 1 0 2 1 0 1 0 0 0 1
N2 0 0 0 0 0 0 1 1 0 0 0
268 (2, 49, M) t 191 384 405 566 957 1,097
N1 0 0 0 0 0 1
N2 0 0 0 0 0 0
269 (2, 67, M) t 201 383 579 762 962 1,137 1,321
N1 0 0 0 0 0 0 0
N2 0 0 0 0 0 0 0
270 (1, 71, M) t 175 334 516 712 901 1,090 1,252 1,433
N1 0 0 0 0 0 0 0 0
N2 0 0 0 0 0 0 0 0
271 (2, 67, F) t 226 405 587 772 946 1,129 1,309
N1 0 0 0 0 0 0 0
N2 0 0 0 0 0 0 0
272 (1, 51, M) t 176 364 472 659 855 1,037 1,213 1,379
N1 0 0 0 0 0 0 0 0
N2 0 0 0 0 0 0 0 0
273 (2, 47, M) t 183 309 497 596 776 968 1,161 1,308
N1 0 0 1 0 0 0 0 0
N2 0 0 0 0 0 0 0 0
274 (9, 34, M) t 195 378 566 692 1,061
N1 0 1 4 3 1
N2 0 0 0 0 0
275 (7, 42, F) t 152 341 515 698 866 1,081 1,265 1,440
N1 0 0 0 0 0 1 0 0
N2 0 0 0 0 0 0 0 0
276 (5, 67, M) t 181 203
N1 1 0
N2 0 0
277 (17, 51, M) t 138 154 315
N1 0 0 0
N2 0 3 0
278 (2, 48, F) t 145 332 403 509 669 885 1,075 1,292 1,440
N1 0 0 0 0 0 0 0 0 0
N2 0 0 0 0 0 0 0 0 0
279 (1, 52, F) t 185 369 381 551 731 913 1,095 1,284
N1 0 0 1 0 0 0 1 0
N2 0 0 0 0 0 0 0 0
280 (3, 66, M) t 138 321 334 502 630 790 973 1,111 1,258 1,420
N1 0 0 0 0 0 0 0 0 0 0
N2 0 0 0 0 0 0 0 0 0 0
281 (4, 68, M) t 175 349 510 691 873 1,055 1,237 1,419
N1 0 0 0 0 0 0 0 1
N2 0 0 0 0 0 0 0 0
282 (1, 77, F) t 115 242 354
N1 1 0 0
N2 0 0 0
283 (1, 42, F) t 179 368 544 731 906 1,096 1,280
N1 0 0 0 0 0 0 0
N2 0 0 0 0 0 0 0
284 (2, 54, M) t 125 146 153 308 568 869
N1 0 0 0 0 0 0
N2 0 0 0 0 0 0
285 (1, 52, F) t 124 300 469 882 1,064 1,246 1,433
N1 0 0 0 0 0 0 0
N2 0 0 0 0 0 0 0
286 (2, 52, F) t 128 314 499 679 860 1,042 1,224 1,420
N1 1 0 0 0 0 0 0 0
N2 0 0 0 0 0 0 0 0
287 (1, 41, M) t 182 420 600 805 986 1,260
N1 0 0 0 0 0 0
N2 0 0 0 0 0 0
288 (10, 63, M) t 161 301 487 637 802 945 1,063
N1 0 0 0 0 0 0 1
N2 0 0 0 0 0 0 0
289 (4, 50, M) t 178 360 670 949 1,210
N1 0 0 1 0 0
N2 0 0 0 0 0
290 (28, 75, M) t 12 206 238 318 381 592 753 958 1,046 1,102 1,326 1,403
N1 1 1 0 0 0 0 2 1 1 0 0 0
N2 0 2 0 0 1 1 1 3 2 2 3 0